{"cells":[{"cell_type":"markdown","source":["# SQL functions"],"metadata":{"colab_type":"text","id":"EL2_CcXwsRXC","application/vnd.databricks.v1+cell":{"title":"","showTitle":false,"inputWidgets":{},"nuid":"cceb7d92-352f-4d03-8c2a-6f8b3ca899ed"}}},{"cell_type":"markdown","source":["###  Step1: Create SparkContext and SparkSession"],"metadata":{"colab_type":"text","id":"HgjlZzQ_sRXF","application/vnd.databricks.v1+cell":{"title":"","showTitle":false,"inputWidgets":{},"nuid":"8cbb35bd-4529-4fd9-a8ab-057654b4c444"}}},{"cell_type":"code","source":["from pyspark import SparkContext\n\nfrom pyspark.sql import SparkSession\nspark = SparkSession.builder \\\n          .appName(\"Python Spark SQL basic example\") \\\n          .config(\"spark.some.config.option\", \"some-value\") \\\n          .getOrCreate()"],"metadata":{"colab_type":"code","collapsed":true,"id":"q2jns8-msRXI","application/vnd.databricks.v1+cell":{"title":"","showTitle":false,"inputWidgets":{},"nuid":"2777a73b-3709-4756-a867-2b58a08099ad"},"colab":{"autoexec":{"startup":false,"wait_interval":0}}},"outputs":[{"output_type":"display_data","metadata":{"application/vnd.databricks.v1+output":{"datasetInfos":[],"data":"<div class=\"ansiout\"></div>","removedWidgets":[],"addedWidgets":{},"type":"html","arguments":{}}},"output_type":"display_data","data":{"text/html":["<style scoped>\n  .ansiout {\n    display: block;\n    unicode-bidi: embed;\n    white-space: pre-wrap;\n    word-wrap: break-word;\n    word-break: break-all;\n    font-family: \"Source Code Pro\", \"Menlo\", monospace;;\n    font-size: 13px;\n    color: #555;\n    margin-left: 4px;\n    line-height: 19px;\n  }\n</style>\n<div class=\"ansiout\"></div>"]}}],"execution_count":0},{"cell_type":"markdown","source":["###  Step2: Load \n\n**``iris.csv``** and **``prostate.csv``** into Databricks tables folder"],"metadata":{"colab_type":"text","id":"TSNQRQRWsRXP","application/vnd.databricks.v1+cell":{"title":"","showTitle":false,"inputWidgets":{},"nuid":"98d2377b-7379-43f8-92d3-95bf86a3f490"}}},{"cell_type":"markdown","source":["###  Step3: Import both the above data"],"metadata":{"colab_type":"text","id":"9nKPFc8fsRXX","application/vnd.databricks.v1+cell":{"title":"","showTitle":false,"inputWidgets":{},"nuid":"787f3d57-a0fc-4c58-80e4-abe6de94d945"}}},{"cell_type":"code","source":["iris = spark.read.csv('dbfs:/FileStore/tables/iris.csv', header = True, inferSchema = True)\niris.show(5)"],"metadata":{"colab_type":"code","collapsed":false,"id":"Lsr-xRB9sRXZ","application/vnd.databricks.v1+cell":{"title":"","showTitle":false,"inputWidgets":{},"nuid":"464f59eb-d2b0-4ed5-bf14-5e6ac09d48f4"},"colab":{"autoexec":{"startup":false,"wait_interval":0}},"outputId":"4e506567-2711-4f5e-8423-4d037d9b5886"},"outputs":[{"output_type":"display_data","metadata":{"application/vnd.databricks.v1+output":{"datasetInfos":[],"data":"<div class=\"ansiout\">+------------+-----------+------------+-----------+-------+\n|sepal_length|sepal_width|petal_length|petal_width|species|\n+------------+-----------+------------+-----------+-------+\n|         5.1|        3.5|         1.4|        0.2| setosa|\n|         4.9|        3.0|         1.4|        0.2| setosa|\n|         4.7|        3.2|         1.3|        0.2| setosa|\n|         4.6|        3.1|         1.5|        0.2| setosa|\n|         5.0|        3.6|         1.4|        0.2| setosa|\n+------------+-----------+------------+-----------+-------+\nonly showing top 5 rows\n\n</div>","removedWidgets":[],"addedWidgets":{},"type":"html","arguments":{}}},"output_type":"display_data","data":{"text/html":["<style scoped>\n  .ansiout {\n    display: block;\n    unicode-bidi: embed;\n    white-space: pre-wrap;\n    word-wrap: break-word;\n    word-break: break-all;\n    font-family: \"Source Code Pro\", \"Menlo\", monospace;;\n    font-size: 13px;\n    color: #555;\n    margin-left: 4px;\n    line-height: 19px;\n  }\n</style>\n<div class=\"ansiout\">+------------+-----------+------------+-----------+-------+\nsepal_length|sepal_width|petal_length|petal_width|species|\n+------------+-----------+------------+-----------+-------+\n         5.1|        3.5|         1.4|        0.2| setosa|\n         4.9|        3.0|         1.4|        0.2| setosa|\n         4.7|        3.2|         1.3|        0.2| setosa|\n         4.6|        3.1|         1.5|        0.2| setosa|\n         5.0|        3.6|         1.4|        0.2| setosa|\n+------------+-----------+------------+-----------+-------+\nonly showing top 5 rows\n\n</div>"]}}],"execution_count":0},{"cell_type":"code","source":["prostate = spark.read.csv('dbfs:/FileStore/tables/prostate.csv', header = True, inferSchema = True)\nprostate.show(5)"],"metadata":{"application/vnd.databricks.v1+cell":{"title":"","showTitle":false,"inputWidgets":{},"nuid":"51a866d0-6d7f-4416-bd87-90093554a567"}},"outputs":[{"output_type":"display_data","metadata":{"application/vnd.databricks.v1+output":{"datasetInfos":[],"data":"<div class=\"ansiout\">+------------+-----------+---+------------+---+------------+-------+-----+------------+\n|      lcavol|    lweight|age|        lbph|svi|         lcp|gleason|pgg45|        lpsa|\n+------------+-----------+---+------------+---+------------+-------+-----+------------+\n|-0.579818495|2.769458829| 50|-1.386294361|  0|-1.386294361|      6|    0|-0.430782916|\n|-0.994252273|3.319625728| 58|-1.386294361|  0|-1.386294361|      6|    0|-0.162518929|\n|-0.510825624|2.691243083| 74|-1.386294361|  0|-1.386294361|      7|   20|-0.162518929|\n|-1.203972804|3.282789151| 58|-1.386294361|  0|-1.386294361|      6|    0|-0.162518929|\n| 0.751416089|3.432372999| 62|-1.386294361|  0|-1.386294361|      6|    0| 0.371563556|\n+------------+-----------+---+------------+---+------------+-------+-----+------------+\nonly showing top 5 rows\n\n</div>","removedWidgets":[],"addedWidgets":{},"type":"html","arguments":{}}},"output_type":"display_data","data":{"text/html":["<style scoped>\n  .ansiout {\n    display: block;\n    unicode-bidi: embed;\n    white-space: pre-wrap;\n    word-wrap: break-word;\n    word-break: break-all;\n    font-family: \"Source Code Pro\", \"Menlo\", monospace;;\n    font-size: 13px;\n    color: #555;\n    margin-left: 4px;\n    line-height: 19px;\n  }\n</style>\n<div class=\"ansiout\">+------------+-----------+---+------------+---+------------+-------+-----+------------+\n      lcavol|    lweight|age|        lbph|svi|         lcp|gleason|pgg45|        lpsa|\n+------------+-----------+---+------------+---+------------+-------+-----+------------+\n-0.579818495|2.769458829| 50|-1.386294361|  0|-1.386294361|      6|    0|-0.430782916|\n-0.994252273|3.319625728| 58|-1.386294361|  0|-1.386294361|      6|    0|-0.162518929|\n-0.510825624|2.691243083| 74|-1.386294361|  0|-1.386294361|      7|   20|-0.162518929|\n-1.203972804|3.282789151| 58|-1.386294361|  0|-1.386294361|      6|    0|-0.162518929|\n 0.751416089|3.432372999| 62|-1.386294361|  0|-1.386294361|      6|    0| 0.371563556|\n+------------+-----------+---+------------+---+------------+-------+-----+------------+\nonly showing top 5 rows\n\n</div>"]}}],"execution_count":0},{"cell_type":"markdown","source":["###  Step4: Functions\n#### import functions ad types"],"metadata":{"colab_type":"text","id":"SiQbEoHssRXu","application/vnd.databricks.v1+cell":{"title":"","showTitle":false,"inputWidgets":{},"nuid":"c0f8f377-2bda-40d5-a873-42d3ceaad581"}}},{"cell_type":"code","source":["from pyspark.sql.functions import *\nfrom pyspark.sql.types import *"],"metadata":{"colab_type":"code","collapsed":true,"id":"wC3y6_DmsRXw","application/vnd.databricks.v1+cell":{"title":"","showTitle":false,"inputWidgets":{},"nuid":"2c5e3d5c-c940-4228-b242-ef258de6ecd7"},"colab":{"autoexec":{"startup":false,"wait_interval":0}}},"outputs":[{"output_type":"display_data","metadata":{"application/vnd.databricks.v1+output":{"datasetInfos":[],"data":"<div class=\"ansiout\"></div>","removedWidgets":[],"addedWidgets":{},"type":"html","arguments":{}}},"output_type":"display_data","data":{"text/html":["<style scoped>\n  .ansiout {\n    display: block;\n    unicode-bidi: embed;\n    white-space: pre-wrap;\n    word-wrap: break-word;\n    word-break: break-all;\n    font-family: \"Source Code Pro\", \"Menlo\", monospace;;\n    font-size: 13px;\n    color: #555;\n    margin-left: 4px;\n    line-height: 19px;\n  }\n</style>\n<div class=\"ansiout\"></div>"]}}],"execution_count":0},{"cell_type":"markdown","source":["## `abs`"],"metadata":{"colab_type":"text","id":"zXSjwHDysRX3","application/vnd.databricks.v1+cell":{"title":"","showTitle":false,"inputWidgets":{},"nuid":"233b90cd-ac0b-484d-acba-5b335d82cf0a"}}},{"cell_type":"code","source":["prostate.select('lpsa',abs(prostate.lpsa).alias('abs(lpsa)')).show(5)"],"metadata":{"colab_type":"code","collapsed":false,"id":"hWYzwp42sRX4","application/vnd.databricks.v1+cell":{"title":"","showTitle":false,"inputWidgets":{},"nuid":"95956faf-7bdb-4a27-9e71-af1aadfbd081"},"colab":{"autoexec":{"startup":false,"wait_interval":0}},"outputId":"0486a4cd-f0ba-4d48-b290-36908b169042"},"outputs":[{"output_type":"display_data","metadata":{"application/vnd.databricks.v1+output":{"datasetInfos":[],"data":"<div class=\"ansiout\">+------------+-----------+\n|        lpsa|  abs(lpsa)|\n+------------+-----------+\n|-0.430782916|0.430782916|\n|-0.162518929|0.162518929|\n|-0.162518929|0.162518929|\n|-0.162518929|0.162518929|\n| 0.371563556|0.371563556|\n+------------+-----------+\nonly showing top 5 rows\n\n</div>","removedWidgets":[],"addedWidgets":{},"type":"html","arguments":{}}},"output_type":"display_data","data":{"text/html":["<style scoped>\n  .ansiout {\n    display: block;\n    unicode-bidi: embed;\n    white-space: pre-wrap;\n    word-wrap: break-word;\n    word-break: break-all;\n    font-family: \"Source Code Pro\", \"Menlo\", monospace;;\n    font-size: 13px;\n    color: #555;\n    margin-left: 4px;\n    line-height: 19px;\n  }\n</style>\n<div class=\"ansiout\">+------------+-----------+\n        lpsa|  abs(lpsa)|\n+------------+-----------+\n-0.430782916|0.430782916|\n-0.162518929|0.162518929|\n-0.162518929|0.162518929|\n-0.162518929|0.162518929|\n 0.371563556|0.371563556|\n+------------+-----------+\nonly showing top 5 rows\n\n</div>"]}}],"execution_count":0},{"cell_type":"markdown","source":["## `array`"],"metadata":{"colab_type":"text","id":"IwlG11eXsRZK","application/vnd.databricks.v1+cell":{"title":"","showTitle":false,"inputWidgets":{},"nuid":"b820abad-927e-4ee9-af41-a3f27e82c9e8"}}},{"cell_type":"code","source":["iris.show(5)"],"metadata":{"colab_type":"code","collapsed":false,"id":"s3Z9Q-_XsRZL","application/vnd.databricks.v1+cell":{"title":"","showTitle":false,"inputWidgets":{},"nuid":"726503b2-a83d-4e24-99eb-94dd7a09be1f"},"colab":{"autoexec":{"startup":false,"wait_interval":0}},"outputId":"5c964843-f130-48e6-8ac1-45aee66e27c3"},"outputs":[{"output_type":"display_data","metadata":{"application/vnd.databricks.v1+output":{"datasetInfos":[],"data":"<div class=\"ansiout\">+------------+-----------+------------+-----------+-------+\n|sepal_length|sepal_width|petal_length|petal_width|species|\n+------------+-----------+------------+-----------+-------+\n|         5.1|        3.5|         1.4|        0.2| setosa|\n|         4.9|        3.0|         1.4|        0.2| setosa|\n|         4.7|        3.2|         1.3|        0.2| setosa|\n|         4.6|        3.1|         1.5|        0.2| setosa|\n|         5.0|        3.6|         1.4|        0.2| setosa|\n+------------+-----------+------------+-----------+-------+\nonly showing top 5 rows\n\n</div>","removedWidgets":[],"addedWidgets":{},"type":"html","arguments":{}}},"output_type":"display_data","data":{"text/html":["<style scoped>\n  .ansiout {\n    display: block;\n    unicode-bidi: embed;\n    white-space: pre-wrap;\n    word-wrap: break-word;\n    word-break: break-all;\n    font-family: \"Source Code Pro\", \"Menlo\", monospace;;\n    font-size: 13px;\n    color: #555;\n    margin-left: 4px;\n    line-height: 19px;\n  }\n</style>\n<div class=\"ansiout\">+------------+-----------+------------+-----------+-------+\nsepal_length|sepal_width|petal_length|petal_width|species|\n+------------+-----------+------------+-----------+-------+\n         5.1|        3.5|         1.4|        0.2| setosa|\n         4.9|        3.0|         1.4|        0.2| setosa|\n         4.7|        3.2|         1.3|        0.2| setosa|\n         4.6|        3.1|         1.5|        0.2| setosa|\n         5.0|        3.6|         1.4|        0.2| setosa|\n+------------+-----------+------------+-----------+-------+\nonly showing top 5 rows\n\n</div>"]}}],"execution_count":0},{"cell_type":"code","source":["df_arr = iris.select('species',array(['sepal_length','sepal_width','petal_length','petal_width']).alias('features'))\ndf_arr.show(5)"],"metadata":{"colab_type":"code","collapsed":false,"id":"aNZr-pfKsRZT","application/vnd.databricks.v1+cell":{"title":"","showTitle":false,"inputWidgets":{},"nuid":"87d23076-d249-4105-93c0-c962f94b4654"},"colab":{"autoexec":{"startup":false,"wait_interval":0}},"outputId":"1f0321de-2c6d-4d28-f97f-f0710fab5f49"},"outputs":[{"output_type":"display_data","metadata":{"application/vnd.databricks.v1+output":{"datasetInfos":[],"data":"<div class=\"ansiout\">+-------+--------------------+\n|species|            features|\n+-------+--------------------+\n| setosa|[5.1, 3.5, 1.4, 0.2]|\n| setosa|[4.9, 3.0, 1.4, 0.2]|\n| setosa|[4.7, 3.2, 1.3, 0.2]|\n| setosa|[4.6, 3.1, 1.5, 0.2]|\n| setosa|[5.0, 3.6, 1.4, 0.2]|\n+-------+--------------------+\nonly showing top 5 rows\n\n</div>","removedWidgets":[],"addedWidgets":{},"type":"html","arguments":{}}},"output_type":"display_data","data":{"text/html":["<style scoped>\n  .ansiout {\n    display: block;\n    unicode-bidi: embed;\n    white-space: pre-wrap;\n    word-wrap: break-word;\n    word-break: break-all;\n    font-family: \"Source Code Pro\", \"Menlo\", monospace;;\n    font-size: 13px;\n    color: #555;\n    margin-left: 4px;\n    line-height: 19px;\n  }\n</style>\n<div class=\"ansiout\">+-------+--------------------+\nspecies|            features|\n+-------+--------------------+\n setosa|[5.1, 3.5, 1.4, 0.2]|\n setosa|[4.9, 3.0, 1.4, 0.2]|\n setosa|[4.7, 3.2, 1.3, 0.2]|\n setosa|[4.6, 3.1, 1.5, 0.2]|\n setosa|[5.0, 3.6, 1.4, 0.2]|\n+-------+--------------------+\nonly showing top 5 rows\n\n</div>"]}}],"execution_count":0},{"cell_type":"markdown","source":["## `array_contains`"],"metadata":{"colab_type":"text","id":"iPavOCupsRZe","application/vnd.databricks.v1+cell":{"title":"","showTitle":false,"inputWidgets":{},"nuid":"3e684cb7-474d-44a4-86f5-1f6aa9ab6583"}}},{"cell_type":"code","source":["df = df_arr.select('species','features',array_contains(df_arr.features,1.4).alias('new_features'))\ndf.show(5)"],"metadata":{"colab_type":"code","collapsed":false,"id":"AqDX6YsWsRZf","application/vnd.databricks.v1+cell":{"title":"","showTitle":false,"inputWidgets":{},"nuid":"06ecc5e1-fcc3-438f-a228-e700f6afa52e"},"colab":{"autoexec":{"startup":false,"wait_interval":0}},"outputId":"c93a7eae-0a7e-40ab-feb1-00da95eeb013"},"outputs":[{"output_type":"display_data","metadata":{"application/vnd.databricks.v1+output":{"datasetInfos":[],"data":"<div class=\"ansiout\">+-------+--------------------+------------+\n|species|            features|new_features|\n+-------+--------------------+------------+\n| setosa|[5.1, 3.5, 1.4, 0.2]|        true|\n| setosa|[4.9, 3.0, 1.4, 0.2]|        true|\n| setosa|[4.7, 3.2, 1.3, 0.2]|       false|\n| setosa|[4.6, 3.1, 1.5, 0.2]|       false|\n| setosa|[5.0, 3.6, 1.4, 0.2]|        true|\n+-------+--------------------+------------+\nonly showing top 5 rows\n\n</div>","removedWidgets":[],"addedWidgets":{},"type":"html","arguments":{}}},"output_type":"display_data","data":{"text/html":["<style scoped>\n  .ansiout {\n    display: block;\n    unicode-bidi: embed;\n    white-space: pre-wrap;\n    word-wrap: break-word;\n    word-break: break-all;\n    font-family: \"Source Code Pro\", \"Menlo\", monospace;;\n    font-size: 13px;\n    color: #555;\n    margin-left: 4px;\n    line-height: 19px;\n  }\n</style>\n<div class=\"ansiout\">+-------+--------------------+------------+\nspecies|            features|new_features|\n+-------+--------------------+------------+\n setosa|[5.1, 3.5, 1.4, 0.2]|        true|\n setosa|[4.9, 3.0, 1.4, 0.2]|        true|\n setosa|[4.7, 3.2, 1.3, 0.2]|       false|\n setosa|[4.6, 3.1, 1.5, 0.2]|       false|\n setosa|[5.0, 3.6, 1.4, 0.2]|        true|\n+-------+--------------------+------------+\nonly showing top 5 rows\n\n</div>"]}}],"execution_count":0},{"cell_type":"code","source":["df.filter(df.new_features).show(5)"],"metadata":{"colab_type":"code","collapsed":false,"id":"hLIqbOBgsRZm","application/vnd.databricks.v1+cell":{"title":"","showTitle":false,"inputWidgets":{},"nuid":"7443d461-6066-46e2-9855-db6c0034d242"},"colab":{"autoexec":{"startup":false,"wait_interval":0}},"outputId":"ba0969db-3515-4d79-baa0-649b055e2bec"},"outputs":[{"output_type":"display_data","metadata":{"application/vnd.databricks.v1+output":{"datasetInfos":[],"data":"<div class=\"ansiout\">+-------+--------------------+------------+\n|species|            features|new_features|\n+-------+--------------------+------------+\n| setosa|[5.1, 3.5, 1.4, 0.2]|        true|\n| setosa|[4.9, 3.0, 1.4, 0.2]|        true|\n| setosa|[5.0, 3.6, 1.4, 0.2]|        true|\n| setosa|[4.6, 3.4, 1.4, 0.3]|        true|\n| setosa|[4.4, 2.9, 1.4, 0.2]|        true|\n+-------+--------------------+------------+\nonly showing top 5 rows\n\n</div>","removedWidgets":[],"addedWidgets":{},"type":"html","arguments":{}}},"output_type":"display_data","data":{"text/html":["<style scoped>\n  .ansiout {\n    display: block;\n    unicode-bidi: embed;\n    white-space: pre-wrap;\n    word-wrap: break-word;\n    word-break: break-all;\n    font-family: \"Source Code Pro\", \"Menlo\", monospace;;\n    font-size: 13px;\n    color: #555;\n    margin-left: 4px;\n    line-height: 19px;\n  }\n</style>\n<div class=\"ansiout\">+-------+--------------------+------------+\nspecies|            features|new_features|\n+-------+--------------------+------------+\n setosa|[5.1, 3.5, 1.4, 0.2]|        true|\n setosa|[4.9, 3.0, 1.4, 0.2]|        true|\n setosa|[5.0, 3.6, 1.4, 0.2]|        true|\n setosa|[4.6, 3.4, 1.4, 0.3]|        true|\n setosa|[4.4, 2.9, 1.4, 0.2]|        true|\n+-------+--------------------+------------+\nonly showing top 5 rows\n\n</div>"]}}],"execution_count":0},{"cell_type":"markdown","source":["## `asc`\n\n`asc` returns a **sort expression**, which can be used as argument of sort functions such as `pyspark.sql.DataFrame.sort` and `pyspark.sql.DataFrame.orderBy`"],"metadata":{"colab_type":"text","id":"bA35LbvfsRZt","application/vnd.databricks.v1+cell":{"title":"","showTitle":false,"inputWidgets":{},"nuid":"a871945e-74ce-41ca-8c96-40640545f8fc"}}},{"cell_type":"code","source":["prostate.sort(prostate.lpsa.asc()).show(5)"],"metadata":{"colab_type":"code","collapsed":false,"id":"BPTT9TCdsRZv","application/vnd.databricks.v1+cell":{"title":"","showTitle":false,"inputWidgets":{},"nuid":"85fb4a82-47a4-48d6-9322-78bdb44acd51"},"colab":{"autoexec":{"startup":false,"wait_interval":0}},"outputId":"98ba1f31-e3e4-432d-8961-37dd995092f7"},"outputs":[{"output_type":"display_data","metadata":{"application/vnd.databricks.v1+output":{"datasetInfos":[],"data":"<div class=\"ansiout\">+------------+-----------+---+------------+---+------------+-------+-----+------------+\n|      lcavol|    lweight|age|        lbph|svi|         lcp|gleason|pgg45|        lpsa|\n+------------+-----------+---+------------+---+------------+-------+-----+------------+\n|-0.579818495|2.769458829| 50|-1.386294361|  0|-1.386294361|      6|    0|-0.430782916|\n|-0.994252273|3.319625728| 58|-1.386294361|  0|-1.386294361|      6|    0|-0.162518929|\n|-1.203972804|3.282789151| 58|-1.386294361|  0|-1.386294361|      6|    0|-0.162518929|\n|-0.510825624|2.691243083| 74|-1.386294361|  0|-1.386294361|      7|   20|-0.162518929|\n| 0.751416089|3.432372999| 62|-1.386294361|  0|-1.386294361|      6|    0| 0.371563556|\n+------------+-----------+---+------------+---+------------+-------+-----+------------+\nonly showing top 5 rows\n\n</div>","removedWidgets":[],"addedWidgets":{},"type":"html","arguments":{}}},"output_type":"display_data","data":{"text/html":["<style scoped>\n  .ansiout {\n    display: block;\n    unicode-bidi: embed;\n    white-space: pre-wrap;\n    word-wrap: break-word;\n    word-break: break-all;\n    font-family: \"Source Code Pro\", \"Menlo\", monospace;;\n    font-size: 13px;\n    color: #555;\n    margin-left: 4px;\n    line-height: 19px;\n  }\n</style>\n<div class=\"ansiout\">+------------+-----------+---+------------+---+------------+-------+-----+------------+\n      lcavol|    lweight|age|        lbph|svi|         lcp|gleason|pgg45|        lpsa|\n+------------+-----------+---+------------+---+------------+-------+-----+------------+\n-0.579818495|2.769458829| 50|-1.386294361|  0|-1.386294361|      6|    0|-0.430782916|\n-0.994252273|3.319625728| 58|-1.386294361|  0|-1.386294361|      6|    0|-0.162518929|\n-1.203972804|3.282789151| 58|-1.386294361|  0|-1.386294361|      6|    0|-0.162518929|\n-0.510825624|2.691243083| 74|-1.386294361|  0|-1.386294361|      7|   20|-0.162518929|\n 0.751416089|3.432372999| 62|-1.386294361|  0|-1.386294361|      6|    0| 0.371563556|\n+------------+-----------+---+------------+---+------------+-------+-----+------------+\nonly showing top 5 rows\n\n</div>"]}}],"execution_count":0},{"cell_type":"code","source":["prostate.orderBy(prostate.lpsa.asc()).show(5)"],"metadata":{"colab_type":"code","collapsed":false,"id":"awZzr52vsRZ-","application/vnd.databricks.v1+cell":{"title":"","showTitle":false,"inputWidgets":{},"nuid":"33dcd894-b3cb-4f6b-a45e-3515a28cbbac"},"colab":{"autoexec":{"startup":false,"wait_interval":0}},"outputId":"e6bba9d1-6881-48b0-a8b3-2556b80ab799"},"outputs":[{"output_type":"display_data","metadata":{"application/vnd.databricks.v1+output":{"datasetInfos":[],"data":"<div class=\"ansiout\">+------------+-----------+---+------------+---+------------+-------+-----+------------+\n|      lcavol|    lweight|age|        lbph|svi|         lcp|gleason|pgg45|        lpsa|\n+------------+-----------+---+------------+---+------------+-------+-----+------------+\n|-0.579818495|2.769458829| 50|-1.386294361|  0|-1.386294361|      6|    0|-0.430782916|\n|-0.994252273|3.319625728| 58|-1.386294361|  0|-1.386294361|      6|    0|-0.162518929|\n|-1.203972804|3.282789151| 58|-1.386294361|  0|-1.386294361|      6|    0|-0.162518929|\n|-0.510825624|2.691243083| 74|-1.386294361|  0|-1.386294361|      7|   20|-0.162518929|\n| 0.751416089|3.432372999| 62|-1.386294361|  0|-1.386294361|      6|    0| 0.371563556|\n+------------+-----------+---+------------+---+------------+-------+-----+------------+\nonly showing top 5 rows\n\n</div>","removedWidgets":[],"addedWidgets":{},"type":"html","arguments":{}}},"output_type":"display_data","data":{"text/html":["<style scoped>\n  .ansiout {\n    display: block;\n    unicode-bidi: embed;\n    white-space: pre-wrap;\n    word-wrap: break-word;\n    word-break: break-all;\n    font-family: \"Source Code Pro\", \"Menlo\", monospace;;\n    font-size: 13px;\n    color: #555;\n    margin-left: 4px;\n    line-height: 19px;\n  }\n</style>\n<div class=\"ansiout\">+------------+-----------+---+------------+---+------------+-------+-----+------------+\n      lcavol|    lweight|age|        lbph|svi|         lcp|gleason|pgg45|        lpsa|\n+------------+-----------+---+------------+---+------------+-------+-----+------------+\n-0.579818495|2.769458829| 50|-1.386294361|  0|-1.386294361|      6|    0|-0.430782916|\n-0.994252273|3.319625728| 58|-1.386294361|  0|-1.386294361|      6|    0|-0.162518929|\n-1.203972804|3.282789151| 58|-1.386294361|  0|-1.386294361|      6|    0|-0.162518929|\n-0.510825624|2.691243083| 74|-1.386294361|  0|-1.386294361|      7|   20|-0.162518929|\n 0.751416089|3.432372999| 62|-1.386294361|  0|-1.386294361|      6|    0| 0.371563556|\n+------------+-----------+---+------------+---+------------+-------+-----+------------+\nonly showing top 5 rows\n\n</div>"]}}],"execution_count":0},{"cell_type":"markdown","source":["## `avg`"],"metadata":{"colab_type":"text","id":"3xU1O99usRaP","application/vnd.databricks.v1+cell":{"title":"","showTitle":false,"inputWidgets":{},"nuid":"38a7924d-3f87-42ec-a30e-a88e1f545735"}}},{"cell_type":"code","source":["prostate.select(avg(prostate.lpsa)).show()"],"metadata":{"colab_type":"code","collapsed":false,"id":"2qJKijs9sRaR","application/vnd.databricks.v1+cell":{"title":"","showTitle":false,"inputWidgets":{},"nuid":"21ad1f10-ea70-421e-8d50-934d2d7b2914"},"colab":{"autoexec":{"startup":false,"wait_interval":0}},"outputId":"4d056f2a-930a-41ff-c702-c7fc2ea38a3a"},"outputs":[{"output_type":"display_data","metadata":{"application/vnd.databricks.v1+output":{"datasetInfos":[],"data":"<div class=\"ansiout\">+------------------+\n|         avg(lpsa)|\n+------------------+\n|2.4783868787422683|\n+------------------+\n\n</div>","removedWidgets":[],"addedWidgets":{},"type":"html","arguments":{}}},"output_type":"display_data","data":{"text/html":["<style scoped>\n  .ansiout {\n    display: block;\n    unicode-bidi: embed;\n    white-space: pre-wrap;\n    word-wrap: break-word;\n    word-break: break-all;\n    font-family: \"Source Code Pro\", \"Menlo\", monospace;;\n    font-size: 13px;\n    color: #555;\n    margin-left: 4px;\n    line-height: 19px;\n  }\n</style>\n<div class=\"ansiout\">+------------------+\n         avg(lpsa)|\n+------------------+\n2.4783868787422683|\n+------------------+\n\n</div>"]}}],"execution_count":0},{"cell_type":"markdown","source":["## `ceil`"],"metadata":{"colab_type":"text","id":"kb33-NDpsRat","application/vnd.databricks.v1+cell":{"title":"","showTitle":false,"inputWidgets":{},"nuid":"07847b2a-3466-4c7e-870c-7621191112a1"}}},{"cell_type":"code","source":["prostate.select('lpsa',ceil(prostate.lpsa)).show(5)"],"metadata":{"colab_type":"code","collapsed":false,"id":"Ao2x7iIXsRau","application/vnd.databricks.v1+cell":{"title":"","showTitle":false,"inputWidgets":{},"nuid":"779c132d-0e7a-42ef-810d-37c41a1cc845"},"colab":{"autoexec":{"startup":false,"wait_interval":0}},"outputId":"b35e1b75-1128-4685-d4c5-b606da597192"},"outputs":[{"output_type":"display_data","metadata":{"application/vnd.databricks.v1+output":{"datasetInfos":[],"data":"<div class=\"ansiout\">+------------+----------+\n|        lpsa|CEIL(lpsa)|\n+------------+----------+\n|-0.430782916|         0|\n|-0.162518929|         0|\n|-0.162518929|         0|\n|-0.162518929|         0|\n| 0.371563556|         1|\n+------------+----------+\nonly showing top 5 rows\n\n</div>","removedWidgets":[],"addedWidgets":{},"type":"html","arguments":{}}},"output_type":"display_data","data":{"text/html":["<style scoped>\n  .ansiout {\n    display: block;\n    unicode-bidi: embed;\n    white-space: pre-wrap;\n    word-wrap: break-word;\n    word-break: break-all;\n    font-family: \"Source Code Pro\", \"Menlo\", monospace;;\n    font-size: 13px;\n    color: #555;\n    margin-left: 4px;\n    line-height: 19px;\n  }\n</style>\n<div class=\"ansiout\">+------------+----------+\n        lpsa|CEIL(lpsa)|\n+------------+----------+\n-0.430782916|         0|\n-0.162518929|         0|\n-0.162518929|         0|\n-0.162518929|         0|\n 0.371563556|         1|\n+------------+----------+\nonly showing top 5 rows\n\n</div>"]}}],"execution_count":0},{"cell_type":"markdown","source":["## `col`\n\nReturns a **Column** based on the given column name. It can save your some typing when the dataframe is very long."],"metadata":{"colab_type":"text","id":"Etn7Z_IvsRbH","application/vnd.databricks.v1+cell":{"title":"","showTitle":false,"inputWidgets":{},"nuid":"3fe7544e-3243-4450-afe3-032a795dd703"}}},{"cell_type":"code","source":["prostate.show(5)"],"metadata":{"colab_type":"code","collapsed":false,"id":"YL9U-HmxsRbI","application/vnd.databricks.v1+cell":{"title":"","showTitle":false,"inputWidgets":{},"nuid":"827c726f-d124-4693-a229-b32cdb147134"},"colab":{"autoexec":{"startup":false,"wait_interval":0}},"outputId":"77620e56-0aee-4b79-a43b-ed527a0101d8"},"outputs":[{"output_type":"display_data","metadata":{"application/vnd.databricks.v1+output":{"datasetInfos":[],"data":"<div class=\"ansiout\">+------------+-----------+---+------------+---+------------+-------+-----+------------+\n|      lcavol|    lweight|age|        lbph|svi|         lcp|gleason|pgg45|        lpsa|\n+------------+-----------+---+------------+---+------------+-------+-----+------------+\n|-0.579818495|2.769458829| 50|-1.386294361|  0|-1.386294361|      6|    0|-0.430782916|\n|-0.994252273|3.319625728| 58|-1.386294361|  0|-1.386294361|      6|    0|-0.162518929|\n|-0.510825624|2.691243083| 74|-1.386294361|  0|-1.386294361|      7|   20|-0.162518929|\n|-1.203972804|3.282789151| 58|-1.386294361|  0|-1.386294361|      6|    0|-0.162518929|\n| 0.751416089|3.432372999| 62|-1.386294361|  0|-1.386294361|      6|    0| 0.371563556|\n+------------+-----------+---+------------+---+------------+-------+-----+------------+\nonly showing top 5 rows\n\n</div>","removedWidgets":[],"addedWidgets":{},"type":"html","arguments":{}}},"output_type":"display_data","data":{"text/html":["<style scoped>\n  .ansiout {\n    display: block;\n    unicode-bidi: embed;\n    white-space: pre-wrap;\n    word-wrap: break-word;\n    word-break: break-all;\n    font-family: \"Source Code Pro\", \"Menlo\", monospace;;\n    font-size: 13px;\n    color: #555;\n    margin-left: 4px;\n    line-height: 19px;\n  }\n</style>\n<div class=\"ansiout\">+------------+-----------+---+------------+---+------------+-------+-----+------------+\n      lcavol|    lweight|age|        lbph|svi|         lcp|gleason|pgg45|        lpsa|\n+------------+-----------+---+------------+---+------------+-------+-----+------------+\n-0.579818495|2.769458829| 50|-1.386294361|  0|-1.386294361|      6|    0|-0.430782916|\n-0.994252273|3.319625728| 58|-1.386294361|  0|-1.386294361|      6|    0|-0.162518929|\n-0.510825624|2.691243083| 74|-1.386294361|  0|-1.386294361|      7|   20|-0.162518929|\n-1.203972804|3.282789151| 58|-1.386294361|  0|-1.386294361|      6|    0|-0.162518929|\n 0.751416089|3.432372999| 62|-1.386294361|  0|-1.386294361|      6|    0| 0.371563556|\n+------------+-----------+---+------------+---+------------+-------+-----+------------+\nonly showing top 5 rows\n\n</div>"]}}],"execution_count":0},{"cell_type":"code","source":["prostate.select(col('lcavol'),col('age')).show(5)"],"metadata":{"colab_type":"code","collapsed":false,"id":"oBPT8OXzsRbP","application/vnd.databricks.v1+cell":{"title":"","showTitle":false,"inputWidgets":{},"nuid":"e638e843-78e6-4e6e-aad6-f5b754509134"},"colab":{"autoexec":{"startup":false,"wait_interval":0}},"outputId":"eaad48ec-1e42-4874-ce53-60c188e37d08"},"outputs":[{"output_type":"display_data","metadata":{"application/vnd.databricks.v1+output":{"datasetInfos":[],"data":"<div class=\"ansiout\">+------------+---+\n|      lcavol|age|\n+------------+---+\n|-0.579818495| 50|\n|-0.994252273| 58|\n|-0.510825624| 74|\n|-1.203972804| 58|\n| 0.751416089| 62|\n+------------+---+\nonly showing top 5 rows\n\n</div>","removedWidgets":[],"addedWidgets":{},"type":"html","arguments":{}}},"output_type":"display_data","data":{"text/html":["<style scoped>\n  .ansiout {\n    display: block;\n    unicode-bidi: embed;\n    white-space: pre-wrap;\n    word-wrap: break-word;\n    word-break: break-all;\n    font-family: \"Source Code Pro\", \"Menlo\", monospace;;\n    font-size: 13px;\n    color: #555;\n    margin-left: 4px;\n    line-height: 19px;\n  }\n</style>\n<div class=\"ansiout\">+------------+---+\n      lcavol|age|\n+------------+---+\n-0.579818495| 50|\n-0.994252273| 58|\n-0.510825624| 74|\n-1.203972804| 58|\n 0.751416089| 62|\n+------------+---+\nonly showing top 5 rows\n\n</div>"]}}],"execution_count":0},{"cell_type":"markdown","source":["## `concat`"],"metadata":{"colab_type":"text","id":"BtVxDNXGsRbu","application/vnd.databricks.v1+cell":{"title":"","showTitle":false,"inputWidgets":{},"nuid":"d7982ab9-3e3d-4267-90fd-e74697bea156"}}},{"cell_type":"code","source":["df = spark.createDataFrame([['a','1'],['b','2']],['x','y'])\ndf.show()\ndf.select('x','y',concat(df.x,df.y).alias('concat(x,y)')).show()"],"metadata":{"colab_type":"code","collapsed":false,"id":"5MAuz2g3sRbx","application/vnd.databricks.v1+cell":{"title":"","showTitle":false,"inputWidgets":{},"nuid":"4ba5047f-1668-4147-b88b-e5e7a35678b0"},"colab":{"autoexec":{"startup":false,"wait_interval":0}},"outputId":"cadb79dc-2cf6-404d-98cd-0732117611ea"},"outputs":[{"output_type":"display_data","metadata":{"application/vnd.databricks.v1+output":{"datasetInfos":[],"data":"<div class=\"ansiout\">+---+---+\n|  x|  y|\n+---+---+\n|  a|  1|\n|  b|  2|\n+---+---+\n\n+---+---+-----------+\n|  x|  y|concat(x,y)|\n+---+---+-----------+\n|  a|  1|         a1|\n|  b|  2|         b2|\n+---+---+-----------+\n\n</div>","removedWidgets":[],"addedWidgets":{},"type":"html","arguments":{}}},"output_type":"display_data","data":{"text/html":["<style scoped>\n  .ansiout {\n    display: block;\n    unicode-bidi: embed;\n    white-space: pre-wrap;\n    word-wrap: break-word;\n    word-break: break-all;\n    font-family: \"Source Code Pro\", \"Menlo\", monospace;;\n    font-size: 13px;\n    color: #555;\n    margin-left: 4px;\n    line-height: 19px;\n  }\n</style>\n<div class=\"ansiout\">+---+---+\n  x|  y|\n+---+---+\n  a|  1|\n  b|  2|\n+---+---+\n\n+---+---+-----------+\n  x|  y|concat(x,y)|\n+---+---+-----------+\n  a|  1|         a1|\n  b|  2|         b2|\n+---+---+-----------+\n\n</div>"]}}],"execution_count":0},{"cell_type":"markdown","source":["## `collect_set`"],"metadata":{"colab_type":"text","id":"r_AsQfFnsRbk","application/vnd.databricks.v1+cell":{"title":"","showTitle":false,"inputWidgets":{},"nuid":"c290f4ee-865b-4fba-baf8-5899ba4f2ad7"}}},{"cell_type":"code","source":["df.select(collect_set(df.x)).show()"],"metadata":{"colab_type":"code","collapsed":false,"id":"5sbqjtBQsRbm","application/vnd.databricks.v1+cell":{"title":"","showTitle":false,"inputWidgets":{},"nuid":"2ecdeeee-d82d-4830-ad9d-36baf470d1e5"},"colab":{"autoexec":{"startup":false,"wait_interval":0}},"outputId":"aca63bef-b38c-487c-db69-015887fc62d4"},"outputs":[{"output_type":"display_data","metadata":{"application/vnd.databricks.v1+output":{"datasetInfos":[],"data":"<div class=\"ansiout\">+--------------+\n|collect_set(x)|\n+--------------+\n|        [b, a]|\n+--------------+\n\n</div>","removedWidgets":[],"addedWidgets":{},"type":"html","arguments":{}}},"output_type":"display_data","data":{"text/html":["<style scoped>\n  .ansiout {\n    display: block;\n    unicode-bidi: embed;\n    white-space: pre-wrap;\n    word-wrap: break-word;\n    word-break: break-all;\n    font-family: \"Source Code Pro\", \"Menlo\", monospace;;\n    font-size: 13px;\n    color: #555;\n    margin-left: 4px;\n    line-height: 19px;\n  }\n</style>\n<div class=\"ansiout\">+--------------+\ncollect_set(x)|\n+--------------+\n        [b, a]|\n+--------------+\n\n</div>"]}}],"execution_count":0},{"cell_type":"markdown","source":["## `concat_ws`"],"metadata":{"colab_type":"text","id":"krniTGjNsRb9","application/vnd.databricks.v1+cell":{"title":"","showTitle":false,"inputWidgets":{},"nuid":"b0022566-b565-4ee2-8ec8-c906a6566d34"}}},{"cell_type":"code","source":["df.select('x','y',concat_ws('_',df.x,df.y).alias('concat(x,y)')).show()"],"metadata":{"colab_type":"code","collapsed":false,"id":"_HmOVA7XsRb_","application/vnd.databricks.v1+cell":{"title":"","showTitle":false,"inputWidgets":{},"nuid":"a91d3296-ae2b-4607-a3be-80d9246aa6a2"},"colab":{"autoexec":{"startup":false,"wait_interval":0}},"outputId":"f4638374-51c0-4c2f-f2d4-f56eb1b3a91e"},"outputs":[{"output_type":"display_data","metadata":{"application/vnd.databricks.v1+output":{"datasetInfos":[],"data":"<div class=\"ansiout\">+---+---+-----------+\n|  x|  y|concat(x,y)|\n+---+---+-----------+\n|  a|  1|        a_1|\n|  b|  2|        b_2|\n+---+---+-----------+\n\n</div>","removedWidgets":[],"addedWidgets":{},"type":"html","arguments":{}}},"output_type":"display_data","data":{"text/html":["<style scoped>\n  .ansiout {\n    display: block;\n    unicode-bidi: embed;\n    white-space: pre-wrap;\n    word-wrap: break-word;\n    word-break: break-all;\n    font-family: \"Source Code Pro\", \"Menlo\", monospace;;\n    font-size: 13px;\n    color: #555;\n    margin-left: 4px;\n    line-height: 19px;\n  }\n</style>\n<div class=\"ansiout\">+---+---+-----------+\n  x|  y|concat(x,y)|\n+---+---+-----------+\n  a|  1|        a_1|\n  b|  2|        b_2|\n+---+---+-----------+\n\n</div>"]}}],"execution_count":0},{"cell_type":"markdown","source":["## `corr`"],"metadata":{"colab_type":"text","id":"wxiDTU4jsRcH","application/vnd.databricks.v1+cell":{"title":"","showTitle":false,"inputWidgets":{},"nuid":"222707fb-101e-44bc-8fd3-c9b48cd3ad79"}}},{"cell_type":"code","source":["prostate"],"metadata":{"colab_type":"code","collapsed":false,"id":"Av24lRggsRcI","application/vnd.databricks.v1+cell":{"title":"","showTitle":false,"inputWidgets":{},"nuid":"076dc2d2-ae36-4edd-94fc-b611a8a50008"},"colab":{"autoexec":{"startup":false,"wait_interval":0}},"outputId":"91fac11a-903b-45d8-a129-087c15562ebd"},"outputs":[{"output_type":"display_data","metadata":{"application/vnd.databricks.v1+output":{"datasetInfos":[],"data":"<div class=\"ansiout\">Out[47]: DataFrame[lcavol: double, lweight: double, age: int, lbph: double, svi: int, lcp: double, gleason: int, pgg45: int, lpsa: double]</div>","removedWidgets":[],"addedWidgets":{},"type":"html","arguments":{}}},"output_type":"display_data","data":{"text/html":["<style scoped>\n  .ansiout {\n    display: block;\n    unicode-bidi: embed;\n    white-space: pre-wrap;\n    word-wrap: break-word;\n    word-break: break-all;\n    font-family: \"Source Code Pro\", \"Menlo\", monospace;;\n    font-size: 13px;\n    color: #555;\n    margin-left: 4px;\n    line-height: 19px;\n  }\n</style>\n<div class=\"ansiout\">Out[47]: DataFrame[lcavol: double, lweight: double, age: int, lbph: double, svi: int, lcp: double, gleason: int, pgg45: int, lpsa: double]</div>"]}}],"execution_count":0},{"cell_type":"code","source":[""],"metadata":{"colab_type":"code","collapsed":false,"id":"bwADhApIsRcO","application/vnd.databricks.v1+cell":{"title":"","showTitle":false,"inputWidgets":{},"nuid":"0627280d-76d3-49bc-a28a-67948388baf8"},"colab":{"autoexec":{"startup":false,"wait_interval":0}},"outputId":"235b268c-81e9-4460-b6ba-7116f61d8907"},"outputs":[],"execution_count":0},{"cell_type":"markdown","source":["## `count`"],"metadata":{"colab_type":"text","id":"iXnS-Gz9sRcX","application/vnd.databricks.v1+cell":{"title":"","showTitle":false,"inputWidgets":{},"nuid":"ae9fb48c-a401-4295-9feb-4aa5af347a89"}}},{"cell_type":"code","source":["prostate.select(count(prostate.lpsa)).show()"],"metadata":{"colab_type":"code","collapsed":false,"id":"XAm9uSPKsRcY","application/vnd.databricks.v1+cell":{"title":"","showTitle":false,"inputWidgets":{},"nuid":"0d1e6533-c503-42b9-b4fd-db28cde4c0cf"},"colab":{"autoexec":{"startup":false,"wait_interval":0}},"outputId":"12ddc030-d133-417f-8b9e-50179b184b0f"},"outputs":[{"output_type":"display_data","metadata":{"application/vnd.databricks.v1+output":{"datasetInfos":[],"data":"<div class=\"ansiout\">+-----------+\n|count(lpsa)|\n+-----------+\n|         97|\n+-----------+\n\n</div>","removedWidgets":[],"addedWidgets":{},"type":"html","arguments":{}}},"output_type":"display_data","data":{"text/html":["<style scoped>\n  .ansiout {\n    display: block;\n    unicode-bidi: embed;\n    white-space: pre-wrap;\n    word-wrap: break-word;\n    word-break: break-all;\n    font-family: \"Source Code Pro\", \"Menlo\", monospace;;\n    font-size: 13px;\n    color: #555;\n    margin-left: 4px